  -117.761497       35.8231697    
  -115.723000       32.0998802    
  -117.734299       35.7685013    
  -115.581703       32.9851303    
  -115.823700       32.9373016    
  -117.751999       35.7504997    
  -115.528999       33.2003288    
  -118.327599       35.9072189    
  -115.711502       33.2918510    
  -120.320297       36.2739983    
  -116.789497       33.4908295    
  -116.538002       34.4287415    
  -115.836998       32.6244888    
  -119.615601       34.2690315    
  -118.080399       33.5120316    
  -117.737900       34.0098190    
  -116.743301       33.6495705    
  -117.380402       34.1986885    
  -117.725899       34.1075783    
  -116.163696       33.8800011    
  -116.052902       33.2431602    
  -116.157402       33.9029312    
  -117.372803       35.5336990    
  -117.885498       36.0252686    
  -116.767197       34.2742882    
  -117.002098       35.0715294    
  -119.890297       36.0198288    
  -116.802902       34.9482002    
  -116.403702       34.2709999    
  -117.701897       36.0983391    
  -120.514000       35.9528389    
  -115.352097       32.4264183    
  -118.411400       34.2809792    
  -121.471703       36.9816704    
  -117.635803       35.7878494    
  -115.423698       32.0960007    
  -115.911903       32.7167702    
  -115.157097       32.3448105    
  -117.593300       36.0939903    
  -115.505798       32.8937492    
  -118.040497       35.7987213    
  -117.870697       36.0493507    
  -118.667503       34.3563690    
  -117.784897       33.9183502    
  -118.662003       35.3152084    
  -115.557602       32.9436607    
  -117.860001       32.4150009    
  -117.448402       34.1267815    
  -119.029297       35.0174217    
  -116.770500       34.0173302    
  -121.068298       35.7285004    
  -115.961601       32.8260117    
  -116.344398       34.8631516    
  -116.341698       31.8754997    
  -117.307404       35.9759903    
  -115.518501       32.5466499    
  -115.731300       33.3157005    
  -117.841003       36.4019508    
  -115.647102       32.6804314    
  -116.872299       33.9722900    
  -117.837799       36.0311394    
  -117.184502       34.0119209    
  -116.342300       32.9997787    
  -115.793098       32.6648293    
  -115.767097       32.6154594    
  -115.858200       32.7037010    
  -117.616997       32.1973305    
  -116.059502       31.3899994    
  -115.753502       32.6292114    
  -115.537300       33.0160103    
  -115.557297       31.2619991    
  -115.272903       32.2246704    
  -115.714996       32.6462288    
  -121.210197       36.5868301    
  -115.723000       32.0998802    
  -115.293098       32.1874695    
  -120.029800       36.1306190    
  -116.458603       33.5057602    
  -118.635597       34.6076317    
  -115.658302       31.5219994    
  -117.263802       37.1703300    
  -120.338203       36.2331696    
  -117.278397       35.2066803    
  -116.244003       34.6982384    
  -116.248596       34.6924706    
  -119.083298       34.5252914    
  -121.323303       36.6828308    
  -115.746803       32.9605598    
  -115.711502       33.2918510    
  -116.789497       33.4908295    
  -120.099701       36.1715012    
  -117.872200       36.0120201    
  -115.629997       33.1540985    
  -117.851303       36.4019890    
  -115.916603       32.7038116    
  -115.526199       33.0187492    
  -115.827003       32.9998016    
  -116.434998       34.2006989    
  -116.271797       34.5946999    
  -115.293999       32.2734985    
